-34.357 -22.463 -15.868 2
-15.928 -8.063 -61.865 5
-4.269 20.520 -32.616 6
-0.515 23.909 -6.952 7
1.668 24.944 21.822 8
13.634 19.985 55.049 9
23.504 10.735 81.911 10
31.199 0.896 105.708 11
38.774 -5.486 124.859 12
55.239 20.562 117.808 13
57.680 26.425 98.518 14
31.330 43.654 104.675 15
26.906 46.096 80.531 16
25.910 46.084 60.174 17
-25.480 -50.795 49.343 18
-0.562 -9.712 -18.656 19
-20.715 -1.631 -3.840 20
-35.976 6.394 11.999 21
-46.520 11.448 26.453 22
-119.923 -37.020 109.219 23
-89.560 -31.349 82.006 24
-68.200 -24.867 64.565 25
-46.166 -17.068 49.123 26
-25.388 -9.596 31.970 27
-4.277 -4.075 14.963 28
19.004 -0.657 -2.065 29
34.216 1.539 -12.041 30
