-47.354 -15.749 86.227 1
-47.975 -2.456 60.067 3
-53.440 7.341 35.882 4
-40.198 -16.317 22.712 6
-1.655 -18.123 15.238 9
4.866 7.772 -38.101 10
11.862 33.560 -24.754 11
28.382 27.004 -50.242 12
22.662 -1.677 -29.501 15
19.270 -22.955 -28.530 16
22.734 -23.273 -8.121 17
55.199 -17.790 -8.295 18
19.662 -30.213 -75.374 20
-10.922 -30.825 -74.163 21
-67.628 -19.618 -15.669 23
-35.037 -22.886 43.337 24
-7.219 -2.211 39.074 26
-4.846 10.077 15.345 27
-25.267 15.570 11.601 28
-10.099 -23.215 -61.374 29
-26.440 0.143 18.246 31
9.589 11.411 34.877 32
12.863 11.616 15.719 33
0.201 10.388 0.387 34
19.271 11.707 48.735 36
15.813 3.467 -19.495 38
15.087 -3.241 -60.679 39
57.652 4.356 -10.855 41
-14.539 19.419 -59.191 44
-10.478 37.866 -25.466 45
0.810 36.653 -27.679 46
-6.305 50.082 -6.350 49
4.977 55.126 10.222 51
3.938 41.773 31.141 52
-39.095 38.021 29.897 54
-37.130 23.571 31.985 55
-37.008 -6.733 5.224 57
