19.801 2.913 -57.762 1
-27.756 -30.826 -55.450 2
-12.739 9.849 -21.588 3
-27.001 21.804 -22.704 4
-20.996 50.137 -20.040 5
-41.747 35.775 -18.493 6
-41.413 22.096 63.688 7
-20.225 8.549 71.097 8
-18.913 -13.418 67.654 9
-18.294 -3.242 85.464 10
-115.801 -23.713 128.078 11
-36.648 -16.979 44.765 12
-15.997 -11.349 25.843 13
5.377 -0.786 -0.103 14
18.039 8.340 -20.061 15
24.655 13.494 -38.261 16
21.494 -17.248 -27.915 18
3.568 -25.738 -34.988 19
-13.430 -29.090 -38.378 20
-19.287 -12.208 -40.053 21
2.452 -2.135 -60.941 22
-28.767 -0.367 -15.184 23
-50.063 20.933 36.097 24
-27.775 8.418 37.889 25
-13.621 24.053 4.777 26
-6.538 35.070 -12.118 27
-14.108 13.521 24.806 29
-6.399 1.602 50.114 30
13.633 5.414 38.913 31
15.716 38.218 53.821 32
-12.705 43.217 60.172 33
-32.565 43.803 50.475 34
-27.324 36.231 30.027 35
-15.690 46.177 15.217 36
-1.590 66.743 9.164 37
6.737 65.459 -8.131 38
