-7.305 27.424 35.405 2
-10.098 34.811 56.610 3
44.607 57.705 24.148 4
-7.291 13.329 9.266 6
-0.705 -2.812 3.128 7
24.633 -30.857 -39.414 8
26.083 8.308 -33.688 9
45.895 -15.475 -29.847 10
-28.411 5.071 32.255 12
-16.472 -19.386 7.347 15
-4.473 16.576 57.413 17
-13.270 -2.040 39.618 18
-1.188 4.059 29.810 19
6.488 -25.852 47.380 20
42.987 -34.899 37.194 22
49.513 -13.053 -46.228 24
51.075 59.373 -3.527 25
26.230 37.360 68.328 27
3.429 31.244 81.549 28
-12.543 11.091 83.317 29
-26.725 -8.863 73.755 30
