5.678 16.307 28.805 1
14.167 37.633 22.583 2
-1.028 -0.871 17.704 4
19.540 -12.843 4.448 5
19.805 -11.070 -14.749 7
-1.579 -5.607 -30.414 9
13.476 13.915 -15.576 10
-20.861 -43.851 14.296 12
-18.230 -33.909 -5.016 13
9.135 3.667 -52.751 15
24.460 56.245 -91.348 17
3.280 19.072 -88.224 18
-3.177 4.283 -71.546 19
-30.530 -15.523 -59.152 20
-54.376 -21.420 -39.197 21
-71.306 -53.714 21.151 24
-46.054 -21.652 0.945 25
-58.242 -45.239 85.927 28
-13.408 -3.506 -22.285 29
-28.874 28.786 -54.220 31
-24.325 8.191 -37.607 32
-45.371 -14.849 24.293 37
