4.399 47.381 -11.018 1
-17.382 28.506 -20.569 2
-10.584 41.253 5.927 3
-32.525 17.972 -15.716 4
-32.017 25.780 6.458 5
-22.095 30.995 25.433 6
-45.424 4.081 6.774 7
-34.674 8.109 24.376 8
-13.953 23.991 25.546 9
-47.384 -11.783 -1.647 10
-36.628 -15.675 21.505 11
3.482 43.206 2.574 13
19.031 52.009 -14.978 14
-15.019 -20.141 28.977 16
7.727 -16.815 32.772 17
-15.739 -32.519 8.350 18
6.313 -25.475 12.191 19
27.837 -16.187 17.396 20
10.975 -30.922 -15.645 21
28.291 -20.394 -8.789 22
48.170 -10.139 -1.464 23
27.499 -26.855 -23.095 24
46.033 6.512 13.761 25
28.065 3.817 28.665 26
41.552 -0.727 26.561 27
3.934 -2.599 29.505 28
27.056 -11.104 36.193 30
-3.198 4.459 -23.507 33
20.635 8.429 -22.174 34
