4.384 -50.333 18.670 1
13.648 -31.443 13.385 2
-10.479 -34.440 27.682 3
8.913 -15.983 26.543 4
28.565 -5.028 14.455 5
25.440 -18.058 12.391 7
35.087 5.263 -0.626 8
42.350 -10.063 -5.396 9
37.687 13.598 -12.509 10
43.623 0.159 -18.644 11
-30.104 -17.068 -12.175 12
-46.881 -13.468 1.498 13
-20.625 -17.237 1.800 14
-47.016 -30.967 21.442 15
-53.826 -12.390 20.167 16
-33.362 -48.694 30.184 17
-12.626 -60.469 16.794 18
12.029 -50.866 -4.173 19
-5.874 -31.165 -8.762 20
-9.903 0.965 15.961 21
8.615 8.338 13.076 22
19.902 11.623 -0.368 23
-20.083 13.098 -1.173 24
20.681 -33.695 -11.657 26
22.845 -48.463 8.375 27
-15.589 -54.568 32.405 28
-41.710 -37.747 36.921 29
21.084 -8.079 -16.375 31
1.689 11.290 -11.923 32
-8.075 18.644 -4.314 33
-30.895 18.837 6.731 34
