13.425 7.403 26.982 1
30.133 21.046 15.082 2
-0.209 2.851 9.872 4
10.242 -17.971 -18.061 5
15.347 -23.076 -8.661 6
10.984 7.118 -19.858 8
-16.059 -0.390 -19.724 10
-12.425 28.540 21.955 11
-33.085 -29.881 8.518 12
-36.567 -11.071 -8.457 13
-4.413 4.052 -52.045 14
-22.090 49.536 -98.543 17
-16.111 28.340 -74.310 18
-29.056 11.435 -62.356 19
-54.740 1.709 -33.798 20
-62.660 -6.409 0.847 21
-60.071 -12.390 21.872 22
-88.697 -12.048 -11.150 24
-54.954 14.647 13.111 26
-47.474 -30.317 90.450 27
-18.299 49.664 -41.560 29
-21.823 30.468 -29.825 30
-57.690 13.842 -19.722 32
-42.288 -11.344 -20.602 33
-40.925 -1.015 8.096 34
