-23.506 -34.325 10.856 1
-5.495 -23.694 24.606 2
-21.257 -33.550 -3.718 3
14.206 -26.382 -1.935 4
-0.603 -28.431 5.654 5
13.664 -18.836 23.891 6
20.623 -17.889 8.741 7
16.554 -1.599 26.682 8
30.248 -15.214 -3.551 9
-19.210 4.234 3.599 11
-17.130 -13.777 -5.157 12
-33.678 7.376 19.521 13
-23.796 -8.437 25.019 14
-36.527 5.082 43.323 15
-14.536 -6.671 45.966 16
9.048 -6.190 43.721 17
5.890 -10.886 10.286 18
-17.458 -13.894 34.053 19
-17.434 4.552 35.764 20
2.508 9.864 37.893 21
8.743 6.148 10.556 22
