11.717 14.622 21.588 1
24.505 39.197 16.430 2
11.209 27.419 19.733 3
-2.114 0.214 12.647 4
3.470 2.057 24.377 5
12.962 -17.416 4.758 6
25.458 -15.488 5.604 7
20.274 -17.716 -14.009 8
13.889 10.491 -17.678 9
-16.224 24.436 17.617 10
1.983 -4.922 -47.116 12
-31.473 -41.310 16.823 13
19.783 39.587 -95.573 16
-4.295 26.616 -107.021 18
-3.254 17.297 -85.536 19
-57.022 -7.165 -54.033 21
-48.087 6.549 -27.467 22
-32.035 9.530 -1.733 23
-24.189 6.899 15.541 24
-51.446 1.023 19.431 25
-4.607 51.917 -33.533 28
-53.349 -29.297 75.991 31
-31.653 -20.832 13.516 32
14.075 47.999 -85.963 35
-2.426 40.143 -63.790 36
-35.386 32.070 -8.749 38
