0.961 24.073 20.320 1
3.600 58.454 -0.653 2
10.595 1.003 13.588 4
27.323 0.441 9.938 5
11.632 13.353 -18.638 6
21.681 -11.385 -6.826 7
18.849 -8.414 -19.766 8
19.092 16.947 -17.011 10
-4.340 -9.549 -31.045 11
8.754 -19.301 -34.853 12
-31.917 20.118 10.666 14
-9.631 -37.659 24.844 15
-7.062 -28.944 -1.996 16
-12.766 -14.137 -20.307 17
12.089 -13.199 -49.880 18
4.171 16.801 -97.713 19
0.499 -18.424 -82.751 22
15.249 -45.505 -55.738 23
-16.665 -44.730 -30.180 24
-64.046 8.532 -0.513 25
-28.446 -8.089 -24.117 28
-44.928 8.438 86.153 31
-42.378 -19.194 87.563 32
-11.548 -16.509 -11.623 33
-17.409 -11.348 -41.137 34
-12.834 -19.286 -54.038 37
-33.577 -7.255 -2.801 39
