-17.228 -15.236 28.653 1
-8.753 -4.291 3.582 2
-34.269 -10.610 -21.585 5
-0.628 -8.178 -34.702 6
4.739 16.506 -33.779 7
-45.531 44.700 10.536 9
-44.927 30.972 -3.211 10
-48.446 39.440 34.113 11
-53.126 14.212 19.459 12
-54.648 1.266 6.287 13
-43.798 8.085 36.919 14
-38.432 -26.505 1.816 15
-43.283 -12.036 21.929 16
-28.699 -0.284 39.304 17
-25.148 -29.760 10.875 18
-33.772 -31.993 -11.687 20
-2.606 -31.726 4.823 21
-2.110 -25.149 18.568 22
-2.084 -13.113 36.382 23
-39.295 28.891 34.349 25
-48.638 45.511 46.751 26
-43.624 33.786 58.796 27
22.387 -11.834 12.674 28
18.889 -26.413 -11.424 29
11.420 -31.890 -21.885 30
39.990 1.256 1.523 31
35.387 -7.687 -17.556 32
28.401 -18.563 -29.830 33
51.750 11.742 -21.260 34
41.675 -12.077 -42.433 35
53.579 8.153 -38.126 36
51.508 34.529 -19.275 37
39.871 30.000 -2.617 38
31.411 10.704 10.832 41
47.658 18.221 5.764 43
64.232 23.137 -38.777 44
