19.073 30.787 -35.334 1
60.024 -3.631 -2.300 2
40.164 -16.855 20.705 3
15.149 -9.944 14.763 4
0.199 -15.612 -9.013 5
17.419 -31.200 -17.129 6
39.169 -48.213 -1.432 7
37.305 -44.446 13.663 8
2.941 -16.613 12.918 11
26.946 -26.098 26.425 12
54.673 -26.475 5.961 13
66.199 0.055 -15.418 14
56.744 -18.083 -9.982 15
43.596 -36.019 13.761 16
5.632 -44.937 35.587 18
-11.489 -28.977 47.071 19
-17.341 -42.138 33.525 20
-6.999 -53.116 22.940 21
7.895 5.647 -25.576 24
7.198 26.698 -15.912 25
-7.020 -8.710 -18.958 26
-8.587 9.468 -3.122 27
-12.563 -23.815 -14.250 28
-11.713 16.446 18.681 29
-19.482 -8.280 1.704 30
-20.637 5.354 25.885 31
-31.118 -23.488 18.131 32
-2.939 13.467 25.649 33
-30.389 -44.825 16.651 35
-37.173 -24.798 37.232 36
-12.068 15.042 41.836 38
9.093 15.964 5.879 39
23.848 15.016 -13.129 40
20.768 36.047 -21.393 41
