-54.349 -3.365 48.660 1
-39.295 -2.635 18.562 2
-63.584 -9.643 58.614 4
-27.156 -5.965 0.090 5
-16.640 -6.546 -17.056 6
-4.155 -18.049 -48.320 7
5.970 -25.757 -60.541 9
19.756 1.035 -43.309 10
36.063 26.695 -33.644 11
59.579 44.199 -41.679 13
47.998 31.994 -33.169 15
9.754 91.474 -18.484 16
7.505 72.649 -19.454 17
7.258 35.464 -10.429 18
8.876 20.053 -4.356 19
11.064 -3.780 0.701 20
-0.183 -22.980 -1.018 21
-7.023 -42.226 -0.971 22
-20.460 -68.136 -3.831 24
-29.074 -83.688 -8.374 25
-2.884 -48.674 30.745 26
-8.685 -26.985 20.610 27
-12.320 -7.322 17.571 28
-18.369 17.970 11.410 29
-17.469 36.611 9.850 30
-12.063 70.796 18.716 31
-12.466 84.963 22.644 32
