-89.662 -11.220 92.781 1
-72.982 -22.033 111.254 2
-46.919 -12.889 112.269 3
-34.699 3.114 99.542 4
-47.561 11.533 84.684 5
-49.315 -2.359 70.948 6
-64.228 -22.808 70.138 7
-51.496 -35.261 47.466 8
-27.618 -25.645 47.858 9
-19.707 -2.271 42.110 10
-18.571 14.605 34.563 11
19.020 31.016 44.423 12
35.568 26.472 29.019 13
43.225 1.508 9.219 14
33.353 -16.703 -0.554 15
14.203 -9.773 -22.576 16
14.096 -6.770 -53.121 17
12.670 16.572 -65.934 18
25.772 27.653 -60.477 19
35.498 24.482 -27.947 20
18.834 17.947 -37.359 21
-1.266 12.475 -41.118 22
25.642 -7.031 -73.238 23
34.243 -24.713 -53.596 25
46.214 -1.183 -55.165 26
46.915 5.777 -36.556 27
49.839 11.308 -13.456 28
43.814 23.865 5.012 29
17.835 1.782 -2.299 30
-3.789 6.510 -12.505 31
-7.321 -14.555 -7.429 32
-19.435 1.666 2.911 33
-47.224 -9.128 11.994 34
-52.934 -10.902 28.069 35
-47.328 7.148 29.629 36
-63.274 24.000 87.353 37
-62.102 0.045 98.371 38
-86.725 -30.996 123.261 39
-85.114 -45.862 95.195 40
-70.889 -31.457 87.120 41
-78.114 -15.329 75.956 42
-54.897 -44.670 79.463 43
-40.663 -49.607 70.563 44
-20.877 -27.218 72.398 45
-18.323 -5.105 62.682 46
-21.323 17.407 60.842 47
1.454 22.712 51.316 48
14.748 1.919 58.372 49
23.609 -19.079 62.159 50
35.699 -11.344 44.141 51
35.493 -7.189 25.353 52
36.880 -22.355 -22.470 54
27.090 1.419 -41.381 55
38.623 15.930 -53.470 56
57.911 -11.697 -32.947 57
70.056 -6.452 -22.021 58
46.421 -28.095 -36.439 60
37.707 -39.477 -34.023 61
19.480 -44.932 -41.506 62
5.821 -52.580 -31.750 63
-5.455 -48.220 -4.535 64
-31.838 -29.498 12.067 65
-29.545 -6.453 23.832 66
3.334 -28.788 51.241 68
20.683 -38.585 38.112 69
6.341 -40.946 31.851 70
3.422 -26.540 29.637 71
4.788 -33.313 6.635 72
1.649 5.049 -28.392 73
-24.263 -38.557 -20.682 74
-43.299 -44.465 5.168 75
-53.281 -31.678 17.619 78
-40.391 -48.774 34.414 79
-28.310 -60.092 52.307 80
-5.678 -63.101 47.738 81
4.713 -0.979 22.525 83
-7.007 -17.385 11.934 85
15.991 -46.097 -4.865 86
-1.477 -35.237 -23.396 87
17.349 -21.490 -7.370 90
28.983 -38.761 -3.347 91
-45.843 -20.352 41.885 95
-43.223 -27.001 29.907 96
-53.967 -50.558 38.715 98
-12.786 -60.594 7.482 99
33.100 16.966 -73.639 100
