26.595 19.522 -53.546 1
37.203 22.412 -44.797 2
4.813 9.515 -1.168 3
-16.087 14.074 19.744 4
-33.166 23.946 34.286 5
-37.753 24.794 51.930 6
-34.816 36.639 81.270 7
-50.414 -19.125 55.184 8
-69.069 -26.516 55.844 9
-12.270 37.485 26.295 12
-11.226 -34.922 23.586 15
-21.926 1.431 4.291 17
-42.068 2.200 17.509 18
-27.487 57.815 9.725 20
-12.458 63.508 0.249 21
-25.264 13.254 -5.601 22
-12.038 -19.304 16.812 23
11.896 -5.024 10.123 27
-25.944 -3.698 38.976 28
-42.731 -16.589 38.684 29
-1.731 -6.255 4.590 33
