-33.129 5.601 67.937 1
-50.827 -10.009 90.350 2
-69.226 -20.408 98.215 3
-90.875 -25.695 109.469 4
-90.215 -42.112 107.949 5
-81.587 -58.832 101.077 6
-57.094 -61.056 101.912 7
-61.438 -57.954 82.403 8
-11.412 -30.587 31.400 9
-21.362 -26.405 11.796 10
24.025 -64.771 1.483 12
47.634 -32.217 -49.798 13
32.154 -27.144 -31.354 14
19.427 -39.216 -46.725 15
19.938 -57.911 -30.398 16
7.019 -34.575 -16.346 17
29.574 -40.980 7.113 18
36.955 -27.370 21.067 19
40.580 -17.794 -18.610 20
45.396 -43.806 -40.109 21
60.957 -45.736 -52.920 22
59.716 -30.017 -4.541 23
56.137 -34.469 7.486 24
57.226 -48.764 13.470 25
65.924 -0.217 61.660 26
20.744 -16.009 49.366 27
-43.777 -0.544 49.550 28
-31.818 -12.777 77.566 29
-42.732 -25.348 87.067 30
-24.714 -14.053 104.533 31
-2.564 -5.026 102.632 32
-4.429 16.557 81.798 33
-19.816 21.020 77.632 34
-12.258 12.007 59.505 35
-54.789 -16.355 38.416 36
-36.098 -28.329 26.296 37
4.255 -39.893 49.128 39
24.003 -49.892 64.369 40
34.777 -47.059 49.929 41
16.336 -48.752 38.157 42
58.723 -41.734 33.297 43
17.686 -15.204 -13.850 47
15.427 -22.333 -33.085 48
-9.988 -29.463 -8.535 49
7.743 -32.415 16.466 50
16.545 -40.414 25.932 51
20.517 -29.711 39.112 52
-2.236 -43.053 37.335 53
38.162 -27.491 41.530 54
41.991 -49.249 -16.359 56
54.194 -36.069 -22.982 57
36.841 -61.543 -43.601 59
51.490 -68.723 -32.406 60
40.280 -13.971 54.672 63
-8.532 -21.021 13.550 65
-31.498 -45.861 41.467 67
-40.738 -49.598 67.658 68
-41.008 -33.734 58.241 69
-50.069 -1.291 112.832 71
-27.634 -36.572 93.736 73
-53.394 -39.911 97.383 74
-70.549 -31.905 89.181 75
-66.108 -12.281 81.414 76
-55.415 -15.865 65.753 77
-72.476 -14.550 62.160 78
-58.232 -30.981 55.163 79
-18.153 -30.276 57.473 81
-0.173 -15.205 57.014 82
-1.026 -47.055 5.141 83
2.116 -47.321 -36.965 84
19.954 -59.157 -45.011 85
