-44.550 2.603 54.206 1
-41.669 -8.454 26.963 2
77.317 -18.372 -118.114 3
68.760 -8.704 -88.735 4
46.786 -3.831 -93.896 5
46.041 -20.287 -76.653 6
56.260 -7.295 -55.421 7
58.221 10.073 -67.396 8
38.270 19.825 -29.802 9
11.641 -18.901 -12.968 10
15.834 -8.524 13.095 11
-59.234 6.036 71.812 12
-62.879 -1.608 81.337 13
-42.053 -19.814 68.097 14
-56.573 -24.706 90.467 15
-64.068 -8.983 106.983 16
-83.827 -7.387 115.647 17
-75.827 -32.267 111.552 18
-46.563 -30.438 119.667 19
-22.104 -10.575 124.733 20
-24.009 -3.322 98.943 21
-10.600 14.135 50.634 22
11.633 6.134 -55.684 24
30.981 -5.918 -73.310 25
55.241 -22.651 -99.829 27
37.546 3.422 -12.807 31
24.349 -3.188 13.252 33
-14.434 -1.875 4.643 34
-31.336 19.814 48.074 35
-41.497 11.731 100.423 36
-44.185 -19.833 101.610 38
-78.689 -17.186 96.629 39
-63.843 -38.632 90.872 40
-22.063 -13.277 59.165 42
-6.234 0.949 57.837 43
10.068 -29.287 -77.666 44
25.158 -33.054 -90.840 45
62.257 3.487 -41.376 47
-30.503 -25.529 95.096 51
-55.050 -18.196 128.578 52
