-26.304 -21.461 -27.894 1
0.644 -30.229 -30.572 2
28.372 -18.089 -46.569 3
38.751 -16.178 -74.263 4
44.832 -31.754 -89.935 5
57.726 -33.443 -112.302 6
62.276 -32.901 -46.853 7
82.291 -56.148 -21.108 8
48.981 -32.861 17.706 9
46.192 -35.010 54.576 10
22.093 -31.072 62.182 11
27.268 -11.278 66.822 12
28.568 -10.069 96.251 13
11.550 -1.707 105.688 14
5.569 -1.421 80.409 15
-4.511 12.172 99.838 16
-26.812 -0.274 86.478 17
-45.467 -10.861 96.093 18
-58.532 -19.445 88.947 19
-37.894 -27.472 -46.224 23
25.671 -7.039 -87.031 24
36.851 -21.721 -100.103 25
52.024 -21.324 -73.834 26
28.874 -35.752 -60.384 28
40.126 -19.864 -30.778 29
38.664 -47.451 -31.405 30
56.807 -51.857 -35.332 31
71.806 -47.574 -9.253 32
42.873 -16.117 84.955 34
10.460 -6.842 70.249 35
11.912 -26.588 82.998 36
9.513 -37.767 99.394 37
10.157 -53.438 93.074 38
-26.550 -59.875 116.927 39
-44.121 -42.616 118.595 40
-29.202 -27.998 104.577 41
-11.122 -19.700 82.138 42
13.426 -31.644 -57.466 44
36.329 -35.504 -74.646 45
