-49.266 -23.436 -25.063 1
-32.417 -21.272 -45.067 2
-23.075 -8.717 -4.569 3
-34.144 -5.291 20.734 4
-11.030 -2.182 -12.047 5
-16.484 -26.282 -24.779 6
-11.568 -15.913 -40.604 7
31.504 -21.694 -10.564 9
6.540 -2.226 9.558 10
-2.131 4.273 16.955 12
-33.954 39.407 19.289 14
-45.445 31.663 -19.853 15
-45.558 26.275 -32.576 16
-12.850 23.408 -48.153 17
31.151 15.788 -82.800 18
46.945 23.350 -52.944 22
19.581 10.908 -33.162 23
3.728 2.126 -27.281 24
-44.965 -4.255 34.636 27
-63.591 -10.964 65.796 30
-61.893 -32.400 96.825 34
-55.816 -79.028 131.667 36
