-26.632 -3.881 66.422 1
-18.510 -19.103 70.923 2
-4.004 -6.461 66.110 3
-1.098 5.926 54.119 4
13.332 -7.847 29.412 5
-3.057 -5.785 22.550 6
-9.018 -11.302 45.362 7
-22.060 5.237 47.485 8
-16.093 -6.982 86.503 9
-28.178 5.904 103.013 10
-10.605 19.592 110.794 11
-26.007 28.500 106.034 12
2.304 -8.795 -2.870 13
39.114 -20.666 -123.142 14
-42.274 -15.318 100.457 15
-10.448 6.584 94.466 17
-4.582 21.612 60.761 19
16.608 20.999 48.032 20
29.489 -8.912 -106.281 22
35.211 -11.931 -150.088 23
41.484 -30.046 -149.445 24
