-24.417 10.211 82.824 1
-49.305 -2.898 71.732 2
-66.327 -17.268 65.436 3
-45.844 -24.128 65.802 4
-42.999 -15.202 43.057 5
-60.637 -7.916 33.682 6
-44.078 -4.667 13.293 7
-41.529 -27.084 1.568 8
-29.806 -33.911 -10.086 9
-12.996 -46.444 -16.535 10
9.395 -32.366 -30.669 11
35.323 -41.736 -38.537 12
50.852 -55.670 19.485 14
80.238 -35.743 65.726 15
48.737 -7.013 31.153 16
33.894 -16.359 6.223 17
30.982 -28.710 -13.629 18
37.129 -23.456 -41.086 19
59.049 -38.224 -28.697 20
45.641 -38.667 -2.806 21
18.942 -27.101 20.787 22
15.779 -16.048 35.904 23
19.857 -30.987 48.153 24
31.031 -9.581 50.724 25
-2.345 -27.738 27.349 26
-16.177 -18.659 15.005 27
-34.155 -8.687 16.654 28
-27.456 -39.666 13.002 29
-33.761 -42.229 31.165 30
-44.900 -49.507 48.758 31
-44.216 -56.674 68.021 32
-64.711 -48.543 80.917 33
-59.589 -45.485 105.147 34
-29.108 -42.049 107.109 35
-13.750 -36.815 100.765 36
-35.986 -34.371 123.516 37
-51.248 -16.706 102.434 38
-47.112 0.935 93.512 39
-30.538 -23.589 64.629 41
-5.635 -31.628 66.481 42
4.593 -15.009 60.640 43
-8.629 -1.584 72.905 44
18.986 21.961 68.468 45
25.987 2.770 29.711 46
21.764 -23.056 -41.978 47
89.963 -31.906 -130.131 49
55.759 -32.311 -50.074 50
47.862 -16.522 19.862 51
15.272 -7.186 6.572 53
7.622 -12.140 -17.899 54
30.586 -46.519 -23.350 55
6.535 -40.329 9.433 56
-6.601 -25.008 -0.627 57
-7.981 -24.749 47.681 58
-34.140 8.144 44.444 59
-48.748 0.623 38.872 60
-22.981 -27.566 37.405 62
-21.722 -53.848 32.327 63
-29.997 -42.145 64.217 64
-57.732 -24.445 83.479 65
-42.721 6.733 113.779 66
-28.038 -9.874 104.028 67
-37.777 -29.330 96.868 68
-26.456 -57.865 97.066 69
-13.928 -68.493 91.735 70
8.106 -55.333 108.045 71
34.474 -45.104 107.772 72
32.602 -19.962 106.806 73
13.505 -3.387 90.452 74
29.120 -16.364 71.816 76
47.212 3.062 55.471 77
93.920 -28.605 -108.522 80
