-6.421 17.233 66.939 1
9.142 -7.634 60.171 2
12.807 -17.387 81.559 3
37.191 -16.342 76.351 4
32.201 -39.035 65.763 5
28.148 -57.283 46.680 6
48.828 -47.565 31.963 7
41.432 -24.804 18.956 8
41.381 -7.088 20.929 9
56.201 -7.948 -18.804 10
67.160 -26.427 -18.637 11
45.107 -27.434 -73.035 12
3.360 -47.724 -38.649 14
-9.081 -53.104 -23.169 15
11.839 -56.201 -0.538 16
13.233 -33.005 3.905 17
-7.329 -41.455 15.666 18
-27.713 -21.103 22.530 19
-42.970 -33.188 29.375 20
-48.891 -37.589 59.026 21
-48.601 -14.312 82.053 22
-59.011 2.810 82.827 23
-72.339 -2.543 103.625 24
-94.689 -16.251 105.866 25
-105.231 -11.167 88.577 26
-80.664 -20.005 82.177 27
-75.324 -40.283 86.908 28
-73.910 -56.671 72.705 29
-47.059 -55.149 80.864 30
-59.024 -51.885 58.039 32
-20.363 -30.965 58.225 33
3.863 -44.143 49.277 34
0.954 -58.702 26.380 35
14.254 -43.972 21.687 36
-15.706 -47.769 -10.416 37
7.004 -68.094 -35.260 38
23.584 -53.712 -43.671 39
42.727 -52.911 -35.994 40
70.525 -34.651 0.421 44
72.897 -20.024 14.342 45
29.718 -3.716 -1.833 46
23.999 -21.585 6.738 47
13.691 -28.781 24.081 48
-1.598 -14.206 33.106 49
-8.134 -16.049 54.824 50
33.122 -7.694 58.104 51
58.958 -34.111 67.256 52
71.463 -21.008 53.014 53
61.923 -32.194 38.043 54
76.391 -36.781 35.736 55
83.675 -16.715 22.307 57
54.438 -19.764 -69.232 59
38.502 -20.486 -53.728 60
22.883 -33.097 -41.725 61
27.368 -45.121 -29.579 62
24.115 -51.073 -21.123 63
27.857 -70.303 -22.873 64
32.310 -62.627 -2.012 65
-3.018 -24.584 -4.269 66
0.906 -28.914 43.817 67
16.359 -30.719 52.197 68
-18.035 -18.658 91.905 69
-1.057 -17.276 90.374 71
-0.321 -1.713 84.085 72
-38.896 -12.481 100.751 74
-33.673 -8.070 47.461 76
-12.984 -28.877 39.347 78
15.497 5.481 37.897 79
36.321 4.895 52.052 80
45.498 3.729 30.013 81
24.649 -30.919 -12.545 82
3.122 -34.937 -20.567 83
35.536 -40.263 -57.017 84
58.428 -13.168 24.108 86
23.521 -16.577 36.041 87
52.748 -11.596 42.627 89
24.872 19.668 21.886 91
-4.282 -2.633 19.986 92
-8.768 -14.186 8.166 93
-12.498 -35.015 -34.763 95
-19.581 -13.995 -15.327 96
-14.149 -24.711 -38.925 97
-34.368 -48.880 -29.481 98
-29.279 -68.051 21.568 99
2.116 -70.831 40.039 102
-16.103 -57.172 41.882 103
