90.175 -31.237 -104.099 1
127.724 -22.596 -96.676 2
124.201 -21.540 -74.927 3
149.014 -3.600 -68.408 4
157.187 18.252 -84.425 5
155.527 39.221 -97.757 6
170.314 48.087 -117.556 7
173.791 41.706 -132.293 8
173.200 19.145 -132.411 9
149.490 11.829 -119.462 10
127.511 8.315 -102.908 11
105.369 6.209 -85.654 12
85.321 1.622 -67.095 13
63.133 -3.195 -47.402 14
39.881 -4.674 -33.245 15
15.312 -4.377 -18.747 16
-8.013 -2.777 -4.686 17
-32.152 0.698 8.797 18
-54.748 4.256 24.504 19
-77.047 4.707 41.204 20
-99.996 3.289 57.438 21
-120.978 0.239 74.800 22
-142.142 -4.451 92.885 23
-163.784 -10.621 108.805 24
-175.962 -15.753 119.591 25
-160.804 -28.140 142.089 26
-143.180 -8.111 136.125 27
-118.959 2.542 133.178 28
-102.423 -16.200 120.036 29
-91.169 -25.739 95.409 30
-14.015 4.771 47.295 32
-43.477 -11.399 46.542 33
-44.757 -24.448 34.798 34
9.288 -40.839 3.714 35
11.348 -17.798 11.870 36
2.380 -10.001 28.606 37
22.591 7.352 28.123 38
