72.874 -39.104 -77.671 1
83.514 -34.456 -84.897 2
88.310 -22.615 -69.854 3
90.745 -6.464 -50.399 4
74.237 -12.174 -52.796 5
83.298 -9.499 -33.957 6
39.071 -7.191 -35.526 8
52.341 -20.582 -30.173 9
28.577 -17.408 -29.617 10
19.859 -2.988 -19.785 11
14.230 -10.025 -32.042 12
-4.911 -8.604 -14.566 14
-6.321 -12.135 1.758 15
-24.499 -16.754 -0.055 16
-24.075 -9.156 9.085 17
-66.616 -27.746 58.474 19
-62.086 -33.853 66.941 20
-79.198 -30.790 68.701 22
-54.116 -10.276 97.258 23
-38.639 19.484 92.246 24
-32.141 12.263 100.921 25
-50.131 13.478 118.459 26
-47.782 -7.921 125.783 28
-35.550 -11.218 98.990 31
-63.792 -26.879 89.824 33
-47.440 -25.691 92.786 34
