4.011 -19.278 6.848 1
15.715 -25.421 -6.833 2
12.070 -10.823 20.944 3
-23.622 2.326 33.841 4
-17.285 9.325 25.523 5
-31.262 25.789 19.629 6
-28.429 32.805 4.132 8
-21.060 47.120 -1.257 9
-32.236 21.529 2.232 10
-20.838 29.138 -14.128 11
-42.635 21.687 17.589 12
-40.409 29.338 30.226 13
10.096 8.970 -29.509 14
13.159 -8.600 -13.822 15
-2.493 -8.620 2.115 16
-9.738 -1.905 -25.031 17
17.763 7.203 -39.675 19
-23.114 -1.869 -16.543 21
-36.675 -45.365 17.226 22
-23.893 -33.766 6.250 23
-24.082 -18.166 5.107 24
19.273 26.959 20.730 28
4.408 38.984 20.916 29
3.039 21.955 19.723 31
3.713 48.318 -7.992 32
-5.399 37.913 -17.274 33
