-65.434 10.392 109.981 2
-73.441 26.689 101.538 3
-37.165 15.790 88.681 5
-33.505 28.855 66.677 6
-19.239 19.575 64.199 7
-17.066 4.446 58.287 8
-6.508 16.948 57.613 9
5.012 24.890 32.400 10
-7.319 -8.131 13.866 11
26.020 -26.271 2.171 12
0.618 9.645 13.912 13
-3.359 38.542 60.909 15
-23.168 -4.741 87.740 16
-3.733 -2.065 94.277 17
-16.383 10.995 99.351 18
-48.131 32.024 88.162 19
-49.590 10.497 62.869 20
-34.373 -1.586 67.377 21
-2.317 -11.286 38.793 22
5.405 -19.157 25.618 23
20.427 -14.905 6.288 26
-28.059 14.775 77.161 28
-51.461 29.086 66.996 29
