-34.698 -10.102 -63.564 1
-20.274 7.552 -62.947 3
-10.843 -5.710 -72.816 4
-6.373 16.481 -70.215 6
-10.347 40.862 -24.967 8
25.655 42.680 11.036 9
40.645 27.545 5.906 10
27.248 32.363 21.241 11
41.280 7.832 4.710 12
56.288 14.857 10.901 13
56.589 14.769 -4.348 14
52.525 0.853 18.786 15
54.551 -9.785 7.620 16
50.817 -28.751 7.283 17
54.180 -35.299 -14.922 18
37.628 -42.306 2.028 19
41.605 -50.702 -10.665 21
12.899 -38.735 -8.758 22
17.975 -53.281 1.828 23
-1.205 -40.620 9.446 24
-1.928 -58.547 3.496 25
-8.808 -40.816 -4.174 26
-19.380 -48.128 14.820 27
