47.841 15.116 -37.524 1
33.210 -2.702 -18.071 2
8.118 -5.448 8.932 3
-8.787 -0.055 18.818 4
-25.883 2.600 37.177 5
-1.755 -15.036 17.838 6
-39.664 -2.047 55.141 7
1.186 -16.246 43.224 9
4.290 -14.298 25.034 10
9.913 -7.446 -24.472 12
-0.537 -8.298 -7.944 13
7.908 -2.250 -44.038 14
-32.265 15.855 -17.602 17
-25.052 14.147 -25.086 18
-46.080 9.552 5.467 20
-58.361 10.243 18.552 21
-29.861 -7.467 -7.078 22
-92.174 3.921 54.824 23
-79.147 2.965 46.704 24
-69.670 1.851 39.265 25
-30.160 -36.781 -4.048 27
-24.046 -20.104 -4.904 28
-9.517 6.429 -8.812 29
