-13.496 -6.368 11.686 1
4.145 -19.072 9.468 2
13.114 -10.563 24.886 3
-12.928 1.280 33.773 4
6.053 -2.762 42.309 5
25.280 -8.504 58.649 6
-11.732 -0.149 68.771 7
3.594 11.691 77.519 8
7.654 20.984 62.247 9
8.566 2.974 11.533 10
-23.800 -24.902 15.206 12
48.332 -13.064 -110.041 13
75.297 2.444 -129.282 14
-32.173 -13.161 31.755 15
-20.885 -22.929 36.326 17
-26.319 -2.508 52.112 18
28.113 11.361 74.597 19
64.211 1.385 -107.042 20
64.916 -10.889 -120.533 21
4.504 -13.830 65.748 24
-13.653 19.415 64.853 25
46.200 -7.036 -93.731 26
-7.224 11.723 16.943 28
-5.330 11.587 49.746 29
-31.357 -14.161 70.941 30
-19.474 -20.595 80.746 31
