75.107 -49.396 -82.686 1
90.489 -12.117 -82.818 2
75.508 -9.835 -70.768 3
92.000 -19.836 -65.266 4
86.559 -4.316 -63.394 5
85.404 -15.518 -45.229 6
75.469 -20.051 -28.169 9
41.110 -14.097 -35.723 11
22.215 -3.048 -31.672 13
25.536 -16.028 -39.185 14
4.196 -1.853 -27.774 15
7.334 -2.070 -10.061 16
-12.996 -4.322 -7.027 17
-14.719 -7.750 11.043 19
-15.096 -12.785 32.244 21
-68.183 3.213 114.942 24
-81.279 -6.398 112.317 25
-56.716 -9.346 122.929 26
-36.015 -9.872 109.829 27
-26.271 2.072 116.995 29
-25.835 -1.683 87.305 30
-42.452 -8.028 93.505 31
-28.157 -14.040 93.731 32
