38.235 -3.851 -17.340 2
-16.928 8.686 49.462 3
-21.402 0.233 75.550 4
-43.503 -9.026 92.936 5
-35.072 7.683 110.188 6
-41.172 16.052 130.295 7
-54.770 -3.356 134.325 8
-77.870 -16.975 88.625 9
-8.190 7.249 31.493 10
19.460 -0.821 -34.849 11
-58.553 -31.346 57.584 12
-50.419 2.071 87.777 14
-65.908 -1.175 80.261 15
-24.699 -21.104 77.779 17
-30.216 -7.390 36.987 18
24.061 -10.864 4.192 20
-11.744 -11.337 37.946 22
-18.984 -6.724 102.555 23
-27.781 -5.874 127.883 24
-81.299 -25.716 40.591 25
9.222 -2.169 -1.530 26
-6.906 -10.924 14.147 27
