-12.505 -9.657 46.041 3
-12.198 -13.956 -26.452 5
-9.177 53.380 -10.247 8
-5.726 -23.140 -20.745 14
17.113 14.781 -36.865 16
16.616 28.164 -53.480 17
-45.424 -31.936 67.227 20
-10.518 -62.744 20.587 22
20.107 -59.716 -22.935 23
35.418 -55.665 -37.612 24
-7.524 50.409 -30.952 26
-55.409 68.881 -5.229 27
-67.655 68.598 22.179 28
0.738 10.956 -0.818 33
-35.587 -22.518 -49.012 35
-40.732 40.661 -8.214 36
-57.708 28.672 66.427 37
-2.662 -25.489 46.925 39
12.314 -17.637 -11.171 41
47.546 38.518 -4.557 43
