46.748 7.408 -32.730 1
26.185 -0.753 -3.459 2
12.201 -2.522 -26.665 3
-4.701 -2.486 -31.539 4
-97.873 12.931 81.514 5
-79.085 7.109 95.837 6
-68.786 -10.245 105.013 7
-38.432 3.125 103.010 8
-26.167 9.108 87.576 9
-30.790 10.990 60.727 10
-33.784 -10.724 42.867 11
-41.205 -20.100 20.291 12
-22.409 -32.305 12.464 13
2.295 -25.752 10.105 14
-6.309 -32.375 -12.492 15
-21.598 -33.228 -29.925 16
30.064 17.550 -45.049 17
6.411 -32.102 -48.445 18
-38.102 -36.386 -19.213 19
-23.371 -51.617 -0.614 20
-1.294 -50.472 -4.333 21
21.645 -18.694 -7.788 22
37.257 11.788 17.712 23
24.520 29.286 11.783 24
30.686 20.475 -0.892 25
7.563 14.934 2.477 26
-11.186 6.051 -7.268 27
-12.789 -13.146 0.955 28
8.437 -41.077 1.552 29
-17.139 -60.329 21.916 30
-19.408 -47.898 38.004 31
-40.108 -48.765 25.165 32
-51.861 -54.476 39.211 33
-74.941 -47.078 59.841 34
-67.663 -21.733 62.694 35
-65.166 7.561 53.225 36
-69.448 23.193 66.882 37
-65.013 5.792 77.564 38
-46.618 30.442 76.452 39
-18.801 23.580 56.761 40
-19.134 -8.442 63.329 41
-6.415 -21.225 45.168 42
-4.337 3.368 44.644 43
13.168 -10.229 53.012 44
18.290 6.901 34.286 45
13.911 -14.301 30.826 46
32.425 -16.770 24.817 47
36.483 -7.735 8.190 48
8.566 -19.395 -31.961 49
31.720 0.032 -33.769 50
13.493 -48.201 -25.947 51
8.571 -41.710 -32.758 52
-0.457 -63.282 -18.186 53
-0.683 -64.664 4.563 54
24.890 -33.419 5.429 55
-23.609 -14.211 16.359 56
-11.872 -8.505 26.028 57
-23.857 18.913 21.448 58
-36.896 1.776 31.394 59
-13.475 29.313 32.231 60
-4.517 11.613 65.731 61
-0.235 -9.397 69.757 62
0.081 17.970 46.246 64
2.547 -5.238 34.691 65
-25.200 -10.176 -15.678 66
11.160 -17.883 -62.649 67
20.953 -15.011 -44.840 68
30.004 -29.076 -29.077 69
16.022 -56.760 15.544 71
-0.299 -63.574 21.122 72
8.047 -35.821 39.156 73
-40.815 -36.194 49.176 74
-60.241 -14.308 41.692 75
-61.899 -21.722 86.617 76
-87.483 -4.674 108.759 78
-98.934 4.901 129.642 79
-92.392 -1.963 146.812 80
-89.423 -11.643 155.308 81
-76.144 -2.732 130.292 82
-70.179 6.133 112.967 83
-73.643 -1.821 68.273 84
-59.439 0.822 23.876 85
-47.758 16.314 23.666 86
22.359 -27.566 36.323 88
27.742 21.163 27.401 89
12.434 12.070 -37.616 92
