-60.621 -52.118 89.070 1
-34.978 -50.479 55.895 3
-49.399 -48.056 48.255 4
-34.675 -54.002 33.027 5
29.909 35.523 -94.823 7
41.232 33.983 -78.654 8
70.131 38.197 -88.207 9
71.762 17.412 -111.052 10
55.850 17.476 -93.928 11
29.116 17.985 -82.689 12
-79.361 -5.365 111.365 14
49.587 48.880 -93.348 16
58.242 58.685 -110.536 17
69.281 6.627 -135.402 18
50.595 5.007 -120.258 19
33.125 12.056 -98.443 20
-33.433 -33.827 69.095 23
-66.081 -23.203 100.993 24
-77.654 -18.960 116.004 25
-49.833 -25.708 120.630 26
