-55.064 1.700 -43.294 1
-40.684 -21.753 -37.419 3
-33.364 4.848 -24.855 4
-7.435 16.278 -26.528 5
3.291 -3.288 -29.302 6
-10.278 -12.611 -35.179 7
42.942 -22.896 6.211 8
-14.926 -15.381 87.788 10
-46.806 -42.215 99.230 11
-62.026 -57.287 121.498 12
-71.724 -68.821 137.276 13
-87.262 -66.610 124.725 14
-71.766 -54.992 96.227 15
3.391 23.567 -39.392 17
12.278 -8.332 -58.134 18
-1.768 -11.748 -47.139 19
-27.421 -16.262 -18.053 20
-50.936 -24.523 4.503 21
31.988 -0.580 8.692 24
31.083 -2.268 -28.879 25
-34.565 9.051 -46.173 27
-18.576 19.966 -44.122 28
