-34.001 -20.460 -27.894 2
-2.569 8.774 -11.088 3
19.302 18.846 1.219 4
37.137 41.576 -28.555 5
-47.355 -32.721 12.164 7
-10.266 -5.076 22.120 8
-3.178 7.012 21.345 9
24.865 21.423 11.101 10
37.267 26.967 6.031 11
35.309 39.556 -18.222 13
45.124 43.896 -43.514 14
54.788 32.439 -77.631 16
56.739 23.396 -87.844 17
40.794 -13.266 -85.135 18
32.148 -11.602 -61.172 19
21.345 -1.764 -42.664 21
27.972 -12.525 -52.385 22
7.410 -0.250 -22.888 23
-23.154 11.487 9.199 24
-32.908 10.371 26.141 26
-36.306 2.357 62.972 29
-48.518 -7.086 103.199 32
