-7.034 -8.733 81.622 1
-31.227 -2.208 89.550 2
-42.035 4.013 110.000 3
-55.296 -5.782 127.634 4
-80.162 -37.855 115.891 5
-88.259 -37.120 91.827 6
-103.827 -27.061 75.230 7
-90.979 -6.346 72.910 8
-75.381 0.384 71.519 9
-51.376 -0.038 73.614 10
-27.860 2.389 70.072 11
-3.224 3.011 56.338 12
-17.809 21.646 49.409 13
16.403 17.157 43.980 15
18.181 0.849 15.718 16
3.953 1.039 -9.188 17
30.600 -1.948 -18.001 18
48.913 -5.189 -49.245 19
32.746 6.428 -37.799 20
59.651 5.122 -70.033 21
79.328 -7.220 -72.280 22
97.636 -15.277 -72.369 23
81.574 -46.060 -109.153 24
73.621 -56.139 -91.871 25
58.479 -37.900 -74.675 26
57.855 -27.007 -54.359 27
31.000 -16.811 -57.233 28
26.502 -27.904 -35.402 29
38.509 -23.604 -5.349 30
27.376 -29.144 8.898 31
11.644 -41.824 17.538 32
-9.029 -25.275 20.301 33
-30.122 -10.332 15.271 34
-46.593 -7.745 34.539 35
-39.926 -25.145 48.206 36
-34.269 -22.404 64.864 37
-55.677 -30.943 80.305 38
-66.271 -17.097 96.830 39
-75.756 -28.560 105.740 40
-48.248 -17.512 142.856 41
-63.453 -62.775 141.899 42
-83.947 -65.201 129.228 43
-102.842 -54.003 129.242 44
-83.391 -74.434 105.596 45
-64.779 -54.163 94.122 46
-75.511 -42.249 86.087 47
-74.235 -26.251 86.950 48
-26.387 -35.077 80.148 49
-14.330 -22.056 78.599 50
6.892 -5.366 68.407 51
7.618 -22.417 43.081 52
-3.603 -38.342 43.553 53
-2.111 -11.425 7.331 54
-8.560 -39.268 -3.695 55
-3.551 -47.051 -28.332 56
16.484 -42.441 -33.033 57
12.362 -29.058 -55.379 58
37.408 -32.129 -50.045 59
77.829 -19.308 -57.281 60
90.037 -5.733 -42.866 62
67.000 12.947 -23.801 63
45.982 12.215 -17.530 64
43.523 -15.531 -21.906 65
26.568 -32.023 36.787 66
45.570 -20.344 54.221 67
39.549 -12.973 78.726 68
34.884 5.358 70.920 69
42.708 2.062 46.189 70
61.427 -25.450 44.075 72
76.611 -9.724 33.668 73
85.870 -23.687 -21.401 74
69.370 -8.159 -36.881 75
75.783 -50.891 -70.019 76
53.875 -61.803 -53.807 77
35.862 -52.029 -45.919 78
44.220 -40.337 -21.822 79
14.489 -16.281 -10.385 80
10.848 -34.092 -6.991 81
-32.157 -29.769 -7.383 83
-43.353 -11.280 -0.506 84
-44.346 -29.367 17.816 85
-27.090 -41.226 35.584 86
-55.582 -40.468 61.349 87
-37.754 -38.059 98.068 88
-39.326 -17.928 111.616 89
-27.711 -14.946 123.536 90
-15.059 -23.193 102.889 91
-46.080 -56.879 96.062 93
-67.087 -39.884 68.558 94
-67.004 -20.302 54.230 95
-62.803 -17.298 37.162 96
-20.548 -35.414 50.405 97
-9.591 -49.048 32.883 98
27.705 -13.614 22.050 99
28.908 -3.554 3.127 100
-4.501 -35.151 -19.083 101
20.719 -47.250 -47.856 102
52.480 -56.478 -79.714 103
50.929 -38.043 -96.338 104
92.074 -20.312 -98.967 106
93.365 -34.810 -74.736 107
67.056 -7.631 -7.558 108
45.462 -0.807 0.846 109
4.071 -6.022 30.965 110
