27.228 -16.271 -26.694 1
-14.308 3.642 36.542 2
-29.594 5.357 59.036 3
-44.040 -1.838 72.329 4
-56.618 -18.222 66.023 5
-90.162 -9.339 40.350 6
-58.952 2.729 -35.859 8
-14.694 16.899 -47.058 10
-1.564 26.874 -18.228 11
-6.794 26.409 15.928 12
-13.119 24.877 33.524 13
-34.749 16.207 63.926 14
-51.922 -22.999 33.355 15
-40.914 -9.399 16.514 16
-35.022 2.768 7.130 17
-16.582 31.189 -18.044 18
-4.481 49.277 -32.295 19
3.770 57.758 -41.816 20
-29.475 14.460 -1.941 22
-1.495 32.902 -1.188 25
-7.415 24.569 -33.588 26
-73.182 4.797 -22.313 27
