-8.676 -15.062 18.840 1
-7.416 -11.823 -16.545 2
-1.315 -25.963 -29.688 3
24.346 -42.843 -7.447 4
-20.768 -20.619 18.102 5
-43.561 -5.636 21.328 7
-89.344 -19.223 1.914 8
-82.564 27.889 41.733 10
-96.342 29.052 54.925 11
-60.522 16.731 31.359 12
-7.717 -0.573 31.126 14
9.226 -7.339 16.356 15
6.743 1.772 11.569 17
1.000 16.599 42.077 18
11.722 33.731 53.864 19
28.471 53.929 66.489 20
0.156 28.588 50.982 21
32.847 35.203 58.838 23
38.747 66.830 86.305 24
40.805 47.289 74.329 25
19.828 2.221 -6.490 26
35.691 -8.825 -25.261 27
2.833 24.282 -19.382 31
10.895 42.085 -36.791 32
50.567 49.743 -15.823 33
